0 2 0 2 1 10 1 10 1 10 1 10
0 2 1 2 1 10 1 10 1 10 1 10
0 2 0 3 1 10 1 10 1 10 1 10
0 2 1 3 1 10 1 10 1 10 1 10
0 2 0 4 1 10 1 10 1 10 1 10
0 2 1 4 1 10 1 10 1 10 1 10
0 2 0 5 1 10 1 10 1 10 1 10
0 2 1 5 1 10 1 10 1 10 1 10
0 3 0 2 1 10 1 10 1 10 1 10
0 3 1 2 1 10 1 10 1 10 1 10
0 3 2 2 1 10 1 10 1 10 1 10
0 3 3 2 1 10 1 10 1 10 1 10
0 3 4 2 1 10 1 10 1 10 1 10
0 3 5 2 1 10 1 10 1 10 1 10
0 3 6 2 1 10 1 10 1 10 1 10
0 3 7 2 1 10 1 10 1 10 1 10
0 3 0 3 1 10 1 10 1 10 1 10
0 3 1 3 1 10 1 10 1 10 1 10
0 3 2 3 1 10 1 10 1 10 1 10
0 3 3 3 1 10 1 10 1 10 1 10
0 3 4 3 1 10 1 10 1 10 1 10
0 3 5 3 1 10 1 10 1 10 1 10
0 3 6 3 1 10 1 10 1 10 1 10
0 3 7 3 1 10 1 10 1 10 1 10
0 3 0 4 1 10 1 10 1 10 1 10
0 3 1 4 1 10 1 10 1 10 1 10
0 3 2 4 1 10 1 10 1 10 1 10
0 3 3 4 1 10 1 10 1 10 1 10
0 3 4 4 1 10 1 10 1 10 1 10
0 3 5 4 1 10 1 10 1 10 1 10
0 3 6 4 1 10 1 10 1 10 1 10
0 3 7 4 1 10 1 10 1 10 1 10
0 3 0 5 1 10 1 10 1 10 1 10
0 3 1 5 1 10 1 10 1 10 1 10
0 3 2 5 1 10 1 10 1 10 1 10
0 3 3 5 1 10 1 10 1 10 1 10
0 3 4 5 1 10 1 10 1 10 1 10
0 3 5 5 1 10 1 10 1 10 1 10
0 3 6 5 1 10 1 10 1 10 1 10
0 3 7 5 1 10 1 10 1 10 1 10
0 4 0 2 1 10 1 10 1 10 1 10
0 4 1 2 1 10 1 10 1 10 1 10
0 4 2 2 1 10 1 10 1 10 1 10
0 4 3 2 1 10 1 10 1 10 1 10
0 4 4 2 1 10 1 10 1 10 1 10
0 4 5 2 1 10 1 10 1 10 1 10
0 4 6 2 1 10 1 10 1 10 1 10
0 4 7 2 1 10 1 10 1 10 1 10
0 4 8 2 1 10 1 10 1 10 1 10
0 4 9 2 1 10 1 10 1 10 1 10
0 4 10 2 1 10 1 10 1 10 1 10
0 4 11 2 1 10 1 10 1 10 1 10
0 4 12 2 1 10 1 10 1 10 1 10
0 4 13 2 1 10 1 10 1 10 1 10
0 4 14 2 1 10 1 10 1 10 1 10
0 4 15 2 1 10 1 10 1 10 1 10
0 4 16 2 1 10 1 10 1 10 1 10
0 4 17 2 1 10 1 10 1 10 1 10
0 4 18 2 1 10 1 10 1 10 1 10
0 4 19 2 1 10 1 10 1 10 1 10
0 4 20 2 1 10 1 10 1 10 1 10
0 4 21 2 1 10 1 10 1 10 1 10
0 4 22 2 1 10 1 10 1 10 1 10
0 4 23 2 1 10 1 10 1 10 1 10
0 4 24 2 1 10 1 10 1 10 1 10
0 4 25 2 1 10 1 10 1 10 1 10
0 4 26 2 1 10 1 10 1 10 1 10
0 4 27 2 1 10 1 10 1 10 1 10
0 4 28 2 1 10 1 10 1 10 1 10
0 4 29 2 1 10 1 10 1 10 1 10
0 4 30 2 1 10 1 10 1 10 1 10
0 4 31 2 1 10 1 10 1 10 1 10
0 4 32 2 1 10 1 10 1 10 1 10
0 4 33 2 1 10 1 10 1 10 1 10
0 4 34 2 1 10 1 10 1 10 1 10
0 4 35 2 1 10 1 10 1 10 1 10
0 4 36 2 1 10 1 10 1 10 1 10
0 4 37 2 1 10 1 10 1 10 1 10
0 4 38 2 1 10 1 10 1 10 1 10
0 4 39 2 1 10 1 10 1 10 1 10
0 4 40 2 1 10 1 10 1 10 1 10
0 4 41 2 1 10 1 10 1 10 1 10
0 4 42 2 1 10 1 10 1 10 1 10
0 4 43 2 1 10 1 10 1 10 1 10
0 4 44 2 1 10 1 10 1 10 1 10
0 4 45 2 1 10 1 10 1 10 1 10
0 4 46 2 1 10 1 10 1 10 1 10
0 4 47 2 1 10 1 10 1 10 1 10
0 4 48 2 1 10 1 10 1 10 1 10
0 4 49 2 1 10 1 10 1 10 1 10
0 4 50 2 1 10 1 10 1 10 1 10
0 4 51 2 1 10 1 10 1 10 1 10
0 4 52 2 1 10 1 10 1 10 1 10
0 4 53 2 1 10 1 10 1 10 1 10
0 4 54 2 1 10 1 10 1 10 1 10
0 4 55 2 1 10 1 10 1 10 1 10
0 4 56 2 1 10 1 10 1 10 1 10
0 4 57 2 1 10 1 10 1 10 1 10
0 4 58 2 1 10 1 10 1 10 1 10
0 4 59 2 1 10 1 10 1 10 1 10
0 4 60 2 1 10 1 10 1 10 1 10
0 4 61 2 1 10 1 10 1 10 1 10
0 4 62 2 1 10 1 10 1 10 1 10
0 4 63 2 1 10 1 10 1 10 1 10
0 4 0 3 1 10 1 10 1 10 1 10
0 4 1 3 1 10 1 10 1 10 1 10
0 4 2 3 1 10 1 10 1 10 1 10
0 4 3 3 1 10 1 10 1 10 1 10
0 4 4 3 1 10 1 10 1 10 1 10
0 4 5 3 1 10 1 10 1 10 1 10
0 4 6 3 1 10 1 10 1 10 1 10
0 4 7 3 1 10 1 10 1 10 1 10
0 4 8 3 1 10 1 10 1 10 1 10
0 4 9 3 1 10 1 10 1 10 1 10
0 4 10 3 1 10 1 10 1 10 1 10
0 4 11 3 1 10 1 10 1 10 1 10
0 4 12 3 1 10 1 10 1 10 1 10
0 4 13 3 1 10 1 10 1 10 1 10
0 4 14 3 1 10 1 10 1 10 1 10
0 4 15 3 1 10 1 10 1 10 1 10
0 4 16 3 1 10 1 10 1 10 1 10
0 4 17 3 1 10 1 10 1 10 1 10
0 4 18 3 1 10 1 10 1 10 1 10
0 4 19 3 1 10 1 10 1 10 1 10
0 4 20 3 1 10 1 10 1 10 1 10
0 4 21 3 1 10 1 10 1 10 1 10
0 4 22 3 1 10 1 10 1 10 1 10
0 4 23 3 1 10 1 10 1 10 1 10
0 4 24 3 1 10 1 10 1 10 1 10
0 4 25 3 1 10 1 10 1 10 1 10
0 4 26 3 1 10 1 10 1 10 1 10
0 4 27 3 1 10 1 10 1 10 1 10
0 4 28 3 1 10 1 10 1 10 1 10
0 4 29 3 1 10 1 10 1 10 1 10
0 4 30 3 1 10 1 10 1 10 1 10
0 4 31 3 1 10 1 10 1 10 1 10
0 4 32 3 1 10 1 10 1 10 1 10
0 4 33 3 1 10 1 10 1 10 1 10
0 4 34 3 1 10 1 10 1 10 1 10
0 4 35 3 1 10 1 10 1 10 1 10
0 4 36 3 1 10 1 10 1 10 1 10
0 4 37 3 1 10 1 10 1 10 1 10
0 4 38 3 1 10 1 10 1 10 1 10
0 4 39 3 1 10 1 10 1 10 1 10
0 4 40 3 1 10 1 10 1 10 1 10
0 4 41 3 1 10 1 10 1 10 1 10
0 4 42 3 1 10 1 10 1 10 1 10
0 4 43 3 1 10 1 10 1 10 1 10
0 4 44 3 1 10 1 10 1 10 1 10
0 4 45 3 1 10 1 10 1 10 1 10
0 4 46 3 1 10 1 10 1 10 1 10
0 4 47 3 1 10 1 10 1 10 1 10
0 4 48 3 1 10 1 10 1 10 1 10
0 4 49 3 1 10 1 10 1 10 1 10
0 4 50 3 1 10 1 10 1 10 1 10
0 4 51 3 1 10 1 10 1 10 1 10
0 4 52 3 1 10 1 10 1 10 1 10
0 4 53 3 1 10 1 10 1 10 1 10
0 4 54 3 1 10 1 10 1 10 1 10
0 4 55 3 1 10 1 10 1 10 1 10
0 4 56 3 1 10 1 10 1 10 1 10
0 4 57 3 1 10 1 10 1 10 1 10
0 4 58 3 1 10 1 10 1 10 1 10
0 4 59 3 1 10 1 10 1 10 1 10
0 4 60 3 1 10 1 10 1 10 1 10
0 4 61 3 1 10 1 10 1 10 1 10
0 4 62 3 1 10 1 10 1 10 1 10
0 4 63 3 1 10 1 10 1 10 1 10
0 4 0 4 1 10 1 10 1 10 1 10
0 4 1 4 1 10 1 10 1 10 1 10
0 4 2 4 1 10 1 10 1 10 1 10
0 4 3 4 1 10 1 10 1 10 1 10
0 4 4 4 1 10 1 10 1 10 1 10
0 4 5 4 1 10 1 10 1 10 1 10
0 4 6 4 1 10 1 10 1 10 1 10
0 4 7 4 1 10 1 10 1 10 1 10
0 4 8 4 1 10 1 10 1 10 1 10
0 4 9 4 1 10 1 10 1 10 1 10
0 4 10 4 1 10 1 10 1 10 1 10
0 4 11 4 1 10 1 10 1 10 1 10
0 4 12 4 1 10 1 10 1 10 1 10
0 4 13 4 1 10 1 10 1 10 1 10
0 4 14 4 1 10 1 10 1 10 1 10
0 4 15 4 1 10 1 10 1 10 1 10
0 4 16 4 1 10 1 10 1 10 1 10
0 4 17 4 1 10 1 10 1 10 1 10
0 4 18 4 1 10 1 10 1 10 1 10
0 4 19 4 1 10 1 10 1 10 1 10
0 4 20 4 1 10 1 10 1 10 1 10
0 4 21 4 1 10 1 10 1 10 1 10
0 4 22 4 1 10 1 10 1 10 1 10
0 4 23 4 1 10 1 10 1 10 1 10
0 4 24 4 1 10 1 10 1 10 1 10
0 4 25 4 1 10 1 10 1 10 1 10
0 4 26 4 1 10 1 10 1 10 1 10
0 4 27 4 1 10 1 10 1 10 1 10
0 4 28 4 1 10 1 10 1 10 1 10
0 4 29 4 1 10 1 10 1 10 1 10
0 4 30 4 1 10 1 10 1 10 1 10
0 4 31 4 1 10 1 10 1 10 1 10
0 4 32 4 1 10 1 10 1 10 1 10
0 4 33 4 1 10 1 10 1 10 1 10
0 4 34 4 1 10 1 10 1 10 1 10
0 4 35 4 1 10 1 10 1 10 1 10
0 4 36 4 1 10 1 10 1 10 1 10
0 4 37 4 1 10 1 10 1 10 1 10
0 4 38 4 1 10 1 10 1 10 1 10
0 4 39 4 1 10 1 10 1 10 1 10
0 4 40 4 1 10 1 10 1 10 1 10
0 4 41 4 1 10 1 10 1 10 1 10
0 4 42 4 1 10 1 10 1 10 1 10
0 4 43 4 1 10 1 10 1 10 1 10
0 4 44 4 1 10 1 10 1 10 1 10
0 4 45 4 1 10 1 10 1 10 1 10
0 4 46 4 1 10 1 10 1 10 1 10
0 4 47 4 1 10 1 10 1 10 1 10
0 4 48 4 1 10 1 10 1 10 1 10
0 4 49 4 1 10 1 10 1 10 1 10
0 4 50 4 1 10 1 10 1 10 1 10
0 4 51 4 1 10 1 10 1 10 1 10
0 4 52 4 1 10 1 10 1 10 1 10
0 4 53 4 1 10 1 10 1 10 1 10
0 4 54 4 1 10 1 10 1 10 1 10
0 4 55 4 1 10 1 10 1 10 1 10
0 4 56 4 1 10 1 10 1 10 1 10
0 4 57 4 1 10 1 10 1 10 1 10
0 4 58 4 1 10 1 10 1 10 1 10
0 4 59 4 1 10 1 10 1 10 1 10
0 4 60 4 1 10 1 10 1 10 1 10
0 4 61 4 1 10 1 10 1 10 1 10
0 4 62 4 1 10 1 10 1 10 1 10
0 4 63 4 1 10 1 10 1 10 1 10
0 4 0 5 1 10 1 10 1 10 1 10
0 4 1 5 1 10 1 10 1 10 1 10
0 4 2 5 1 10 1 10 1 10 1 10
0 4 3 5 1 10 1 10 1 10 1 10
0 4 4 5 1 10 1 10 1 10 1 10
0 4 5 5 1 10 1 10 1 10 1 10
0 4 6 5 1 10 1 10 1 10 1 10
0 4 7 5 1 10 1 10 1 10 1 10
0 4 8 5 1 10 1 10 1 10 1 10
0 4 9 5 1 10 1 10 1 10 1 10
0 4 10 5 1 10 1 10 1 10 1 10
0 4 11 5 1 10 1 10 1 10 1 10
0 4 12 5 1 10 1 10 1 10 1 10
0 4 13 5 1 10 1 10 1 10 1 10
0 4 14 5 1 10 1 10 1 10 1 10
0 4 15 5 1 10 1 10 1 10 1 10
0 4 16 5 1 10 1 10 1 10 1 10
0 4 17 5 1 10 1 10 1 10 1 10
0 4 18 5 1 10 1 10 1 10 1 10
0 4 19 5 1 10 1 10 1 10 1 10
0 4 20 5 1 10 1 10 1 10 1 10
0 4 21 5 1 10 1 10 1 10 1 10
0 4 22 5 1 10 1 10 1 10 1 10
0 4 23 5 1 10 1 10 1 10 1 10
0 4 24 5 1 10 1 10 1 10 1 10
0 4 25 5 1 10 1 10 1 10 1 10
0 4 26 5 1 10 1 10 1 10 1 10
0 4 27 5 1 10 1 10 1 10 1 10
0 4 28 5 1 10 1 10 1 10 1 10
0 4 29 5 1 10 1 10 1 10 1 10
0 4 30 5 1 10 1 10 1 10 1 10
0 4 31 5 1 10 1 10 1 10 1 10
0 4 32 5 1 10 1 10 1 10 1 10
0 4 33 5 1 10 1 10 1 10 1 10
0 4 34 5 1 10 1 10 1 10 1 10
0 4 35 5 1 10 1 10 1 10 1 10
0 4 36 5 1 10 1 10 1 10 1 10
0 4 37 5 1 10 1 10 1 10 1 10
0 4 38 5 1 10 1 10 1 10 1 10
0 4 39 5 1 10 1 10 1 10 1 10
0 4 40 5 1 10 1 10 1 10 1 10
0 4 41 5 1 10 1 10 1 10 1 10
0 4 42 5 1 10 1 10 1 10 1 10
0 4 43 5 1 10 1 10 1 10 1 10
0 4 44 5 1 10 1 10 1 10 1 10
0 4 45 5 1 10 1 10 1 10 1 10
0 4 46 5 1 10 1 10 1 10 1 10
0 4 47 5 1 10 1 10 1 10 1 10
0 4 48 5 1 10 1 10 1 10 1 10
0 4 49 5 1 10 1 10 1 10 1 10
0 4 50 5 1 10 1 10 1 10 1 10
0 4 51 5 1 10 1 10 1 10 1 10
0 4 52 5 1 10 1 10 1 10 1 10
0 4 53 5 1 10 1 10 1 10 1 10
0 4 54 5 1 10 1 10 1 10 1 10
0 4 55 5 1 10 1 10 1 10 1 10
0 4 56 5 1 10 1 10 1 10 1 10
0 4 57 5 1 10 1 10 1 10 1 10
0 4 58 5 1 10 1 10 1 10 1 10
0 4 59 5 1 10 1 10 1 10 1 10
0 4 60 5 1 10 1 10 1 10 1 10
0 4 61 5 1 10 1 10 1 10 1 10
0 4 62 5 1 10 1 10 1 10 1 10
0 4 63 5 1 10 1 10 1 10 1 10
2 ambkuueucz
2 myxhxomexo
2 malvanbjkx
2 xepdyeivfa
2 zrpgapwgah
2 tqizsldcwm
2 znrwppeyga
2 yjovglypsh
2 ipfwtpuvve
2 kpdkfwcmsm
2 jpxiuwiuol
2 elrnasnymk
2 mtweikoxqc
2 nmhqejhevw
2 xdmczyzgsi
2 idypmxsiib
2 ynllbnrxor
2 berbvhedlt
2 bnfjqdwlxo
2 odaknohxws
2 ihyshifhfa
2 xoxibahpkr
2 nomqwrqjbc
2 zdfombndym
2 udxkmbqfnc
2 tljkijjhbm
2 sqnminbfnk
2 nzvoncuagf
2 xdlosjlnfa
2 qthkrjpnpk
2 nlvgzflmfb
2 paqheviino
2 niaklsleit
2 gugamzngzu
2 jukuelujqw
2 ctpztyypsy
2 iebunusxld
2 zkyttysujj
2 vhiwbjfzsd
2 omsqjrinbq
2 cmhezyvfaj
2 glrvcrdsea
2 bfebeuvrhy
2 votaqwcqup
2 ggbnyfdpbs
2 yvcoxxvckt
2 cvmccwyskq
2 xjcinosety
2 pkhpbjceto
2 etqngozamk
2 xjswtnelej
2 ahmuuzxxds
2 kuwtywjmfw
2 uiiamuejth
2 qimgwwogpe
2 ejchdhdzzs
2 kmwxcfqbzw
2 iuumwgmion
2 upiivqljvq
2 woalcyboao
2 yvdkdwzjwq
2 xnfmcavzkl
2 yvsoywqbhj
2 yxlizsipwn
2 dmzwkrkndu
2 cqxpjprefy
2 olnfxuyprs
2 odhqhvgush
2 mybzbkxfzr
2 rsypytvtzp
2 kxmnhmutkf
2 dnjzagdwnz
2 etpsevvirv
2 rnusasfufp
2 aonpbytywz
2 dfywtfjbiz
2 vxefycnkcv
2 lhurdcuabr
2 bolurthxur
2 etgrrayzyj
2 yicwvqeeep
2 pqrpmlijol
2 aokjngdiev
2 xskgvyarov
2 larpjhhljs
2 bbcuyfrplw
2 wnoueviyzo
2 mmswjkxxvq
2 fpenrodjkh
2 eotzxdwisb
2 cbeztjevwl
2 qovdsccfaz
2 alfnqikkog
2 bkjcqsxnbw
2 omlobmzyqe
2 pqeyfzqjmq
2 kywvcdmtwp
2 ezwwmjvxrx
2 uihspehdzc
2 aqzjtwxjwg
